errCor =...
[ -245    30
  -240     5
  -240    10
  -240    15
  -240    20
  -240    25
  -240    30
  -240    35
  -240    40
  -240    45
  -240    50
  -240    55
  -235   -90
  -235     5
  -235    10
  -235    15
  -235    20
  -235    45
  -235    50
  -235    55
  -235    60
  -230   -95
  -230   -90
  -230   -85
  -230    60
  -230    65
  -230    70
  -225  -100
  -225   -95
  -225   -90
  -225   -85
  -225   -80
  -225    65
  -225    70
  -225    75
  -220  -100
  -220   -95
  -220   -90
  -220   -85
  -220   -80
  -220   -75
  -220    70
  -220    75
  -220    80
  -215  -105
  -215  -100
  -215   -95
  -215   -90
  -215   -85
  -215   -80
  -215   -75
  -215   -70
  -215    75
  -215    80
  -210  -105
  -210  -100
  -210   -95
  -210   -90
  -210   -85
  -210   -80
  -210   -75
  -210   -70
  -210   -65
  -210    75
  -210    80
  -210    85
  -205  -105
  -205  -100
  -205   -95
  -205   -90
  -205   -85
  -205   -80
  -205   -75
  -205   -70
  -205   -65
  -205   -60
  -205   -55
  -205    80
  -205    85
  -200  -105
  -200  -100
  -200   -95
  -200   -90
  -200   -85
  -200   -80
  -200   -75
  -200   -70
  -200   -65
  -200   -60
  -200   -55
  -200   -50
  -200    80
  -200    85
  -200    90
  -195  -100
  -195   -95
  -195   -90
  -195   -85
  -195   -80
  -195   -75
  -195   -70
  -195   -65
  -195   -60
  -195   -55
  -195   -50
  -195   -45
  -195    80
  -195    85
  -195    90
  -190   -90
  -190   -85
  -190   -80
  -190   -75
  -190   -70
  -190   -65
  -190   -60
  -190   -55
  -190   -50
  -190   -45
  -190   -40
  -190    80
  -190    85
  -190    90
  -185   -85
  -185   -80
  -185   -75
  -185   -70
  -185   -65
  -185   -60
  -185   -55
  -185   -50
  -185   -45
  -185   -40
  -185   -35
  -185    85
  -185    90
  -180   -80
  -180   -75
  -180   -70
  -180   -65
  -180   -60
  -180   -55
  -180   -50
  -180   -45
  -180   -40
  -180   -35
  -180   -30
  -180    85
  -180    90
  -175   -70
  -175   -65
  -175   -60
  -175   -55
  -175   -50
  -175   -45
  -175   -40
  -175   -35
  -175   -30
  -175   -25
  -175    85
  -175    90
  -170  -140
  -170  -135
  -170  -130
  -170   -65
  -170   -60
  -170   -55
  -170   -50
  -170   -45
  -170   -40
  -170   -35
  -170   -30
  -170   -25
  -170   -20
  -170    85
  -170    90
  -165  -145
  -165  -140
  -165  -135
  -165  -130
  -165  -125
  -165   -60
  -165   -55
  -165   -50
  -165   -45
  -165   -40
  -165   -35
  -165   -30
  -165   -25
  -165   -20
  -165   -15
  -165    80
  -165    85
  -165    90
  -160  -150
  -160  -145
  -160  -140
  -160  -135
  -160  -130
  -160  -125
  -160  -120
  -160   -55
  -160   -50
  -160   -45
  -160   -40
  -160   -35
  -160   -30
  -160   -25
  -160   -20
  -160   -15
  -160   -10
  -160    80
  -160    85
  -160    90
  -155  -150
  -155  -145
  -155  -140
  -155  -135
  -155  -130
  -155  -125
  -155  -120
  -155   -45
  -155   -40
  -155   -35
  -155   -30
  -155   -25
  -155   -20
  -155   -15
  -155   -10
  -155    -5
  -155     0
  -155    75
  -155    80
  -155    85
  -155    90
  -150  -155
  -150  -150
  -150  -145
  -150  -140
  -150  -135
  -150  -130
  -150  -125
  -150  -120
  -150   -40
  -150   -35
  -150   -30
  -150   -25
  -150   -20
  -150   -15
  -150   -10
  -150    -5
  -150     0
  -150     5
  -150    75
  -150    80
  -150    85
  -145  -155
  -145  -150
  -145  -145
  -145  -140
  -145  -135
  -145  -130
  -145  -125
  -145  -120
  -145   -35
  -145   -30
  -145   -25
  -145   -20
  -145   -15
  -145   -10
  -145    -5
  -145     0
  -145     5
  -145    10
  -145    70
  -145    75
  -145    80
  -140  -155
  -140  -150
  -140  -145
  -140  -140
  -140  -135
  -140  -130
  -140  -125
  -140  -120
  -140   -30
  -140   -25
  -140   -20
  -140   -15
  -140   -10
  -140    -5
  -140     0
  -140     5
  -140    10
  -140    15
  -140    65
  -140    70
  -140    75
  -140    80
  -135  -160
  -135  -155
  -135  -150
  -135  -145
  -135  -140
  -135  -135
  -135  -130
  -135  -125
  -135  -120
  -135   -25
  -135   -20
  -135   -15
  -135   -10
  -135    -5
  -135     0
  -135     5
  -135    10
  -135    15
  -135    20
  -135    55
  -135    60
  -135    65
  -135    70
  -135    75
  -130  -160
  -130  -155
  -130  -150
  -130  -145
  -130  -140
  -130  -135
  -130  -130
  -130  -125
  -130  -120
  -130   -20
  -130   -15
  -130   -10
  -130    -5
  -130     0
  -130     5
  -130    10
  -130    15
  -130    20
  -130    25
  -130    50
  -130    55
  -130    60
  -130    65
  -130    70
  -125  -160
  -125  -155
  -125  -150
  -125  -145
  -125  -140
  -125  -135
  -125  -130
  -125  -125
  -125  -120
  -125   -15
  -125   -10
  -125    -5
  -125     0
  -125     5
  -125    10
  -125    15
  -125    20
  -125    25
  -125    30
  -125    35
  -125    40
  -125    45
  -125    50
  -125    55
  -125    60
  -120  -160
  -120  -155
  -120  -150
  -120  -145
  -120  -140
  -120  -135
  -120  -130
  -120  -125
  -120  -120
  -120    -5
  -120     0
  -120     5
  -120    10
  -120    15
  -120    20
  -120    25
  -120    30
  -120    35
  -120    40
  -120    45
  -120    50
  -120    55
  -115  -160
  -115  -155
  -115  -150
  -115  -145
  -115  -140
  -115  -135
  -115  -130
  -115  -125
  -115  -120
  -115     0
  -115     5
  -115    10
  -115    15
  -115    20
  -115    25
  -115    30
  -115    35
  -115    40
  -115    45
  -115    50
  -110  -160
  -110  -155
  -110  -150
  -110  -145
  -110  -140
  -110  -135
  -110  -130
  -110  -125
  -110  -120
  -110     5
  -110    10
  -110    15
  -110    20
  -110    25
  -110    30
  -110    35
  -110    40
  -110    45
  -105  -155
  -105  -150
  -105  -145
  -105  -140
  -105  -135
  -105  -130
  -105  -125
  -105  -120
  -105    10
  -105    15
  -105    20
  -105    25
  -105    30
  -105    35
  -105    40
  -105    45
  -100  -155
  -100  -150
  -100  -145
  -100  -140
  -100  -135
  -100  -130
  -100  -125
  -100    15
  -100    20
  -100    25
  -100    30
  -100    35
  -100    40
  -100    45
  -100    50
   -95  -155
   -95  -150
   -95  -145
   -95  -140
   -95  -135
   -95  -130
   -95  -125
   -95    20
   -95    25
   -95    30
   -95    35
   -95    40
   -95    45
   -95    50
   -95    55
   -90  -150
   -90  -145
   -90  -140
   -90  -135
   -90  -130
   -90    25
   -90    30
   -90    35
   -90    40
   -90    45
   -90    50
   -90    55
   -90    60
   -85  -140
   -85  -135
   -85    35
   -85    40
   -85    45
   -85    50
   -85    55
   -80    40
   -80    45
   -80    50
   -75    45
   -65   -55
   -65   -50
   -65     0
   -65     5
   -60  -115
   -60  -110
   -60  -105
   -60   -55
   -60   -50
   -60   -45
   -60   -40
   -60   -35
   -60   -30
   -60   -25
   -60   -20
   -60   -15
   -60   -10
   -60    -5
   -60     0
   -60     5
   -55  -120
   -55  -115
   -55  -110
   -55  -105
   -55  -100
   -55   -55
   -55   -50
   -55   -45
   -55   -40
   -55   -35
   -55   -30
   -55   -25
   -55   -20
   -55   -15
   -55   -10
   -55    -5
   -55     0
   -55     5
   -50  -125
   -50  -120
   -50  -115
   -50  -110
   -50  -105
   -50   -55
   -50   -50
   -50   -45
   -50   -40
   -50   -35
   -50   -30
   -50   -25
   -50   -20
   -50   -15
   -50   -10
   -50    -5
   -50     0
   -50     5
   -45  -130
   -45  -125
   -45  -120
   -45  -115
   -45  -110
   -45  -105
   -45   -55
   -45   -50
   -45   -45
   -45   -40
   -45   -35
   -45   -30
